# 変数定義
b <- 5
c <- 10
d <- 20

# 四則演算
b + c
c - d

# 配列
x <- c(10, 20, 30, 40, 50)